0.46473047;-25.0
0.46433046;-24.9
0.46393847;-24.8
0.46354246;-24.699999
0.46312547;-24.599998
0.46273646;-24.499998
0.46230647;-24.399998
0.46185845;-24.299997
0.46144545;-24.199997
0.46101245;-24.099997
0.46055645;-23.999996
0.46011147;-23.899996
0.45963445;-23.799995
0.45916545;-23.699995
0.45872745;-23.599995
0.45830345;-23.499994
0.45781347;-23.399994
0.45729047;-23.299994
0.45676246;-23.199993
0.45625347;-23.099993
0.45572945;-22.999992
0.45521444;-22.899992
0.45469645;-22.799992
0.45417646;-22.699991
0.45364746;-22.59999
0.45309046;-22.49999
0.45255744;-22.39999
0.45203045;-22.29999
0.45147645;-22.19999
0.45091146;-22.099989
0.45037246;-21.999989
0.44980946;-21.899988
0.44924644;-21.799988
0.44867945;-21.699987
0.44806144;-21.599987
0.44751143;-21.499987
0.44690344;-21.399986
0.44628346;-21.299986
0.44568646;-21.199986
0.44508144;-21.099985
0.44443744;-20.999985
0.44382244;-20.899984
0.44321045;-20.799984
0.44258243;-20.699984
0.44195643;-20.599983
0.44129845;-20.499983
0.44065744;-20.399982
0.43996844;-20.299982
0.43935043;-20.199982
0.43866244;-20.099981
0.43801445;-19.99998
0.43730843;-19.89998
0.43661243;-19.79998
0.43591043;-19.69998
0.43521345;-19.59998
0.43450043;-19.499979
0.43378443;-19.399979
0.43301642;-19.299978
0.43226743;-19.199978
0.43149942;-19.099977
0.43072742;-18.999977
0.42991444;-18.899977
0.42910442;-18.799976
0.42831844;-18.699976
0.4275264;-18.599976
0.42668143;-18.499975
0.42581943;-18.399975
0.42498043;-18.299974
0.42411843;-18.199974
0.4232484;-18.099974
0.4223754;-17.999973
0.42152143;-17.899973
0.4206204;-17.799973
0.41974643;-17.699972
0.41881242;-17.599972
0.41789943;-17.499971
0.41696742;-17.399971
0.41603342;-17.29997
0.41509143;-17.19997
0.4141364;-17.09997
0.4131934;-16.99997
0.4121964;-16.89997
0.4111674;-16.799969
0.41014042;-16.699968
0.4090814;-16.599968
0.4080064;-16.499968
0.4069684;-16.399967
0.40592042;-16.299967
0.4048484;-16.199966
0.4037634;-16.099966
0.4026464;-15.999966
0.4015704;-15.899965
0.4005174;-15.799965
0.3993484;-15.699965
0.3981984;-15.599964
0.3970424;-15.499964
0.3958874;-15.399963
0.3947034;-15.299963
0.3935344;-15.199963
0.39235738;-15.099962
0.39111438;-14.999962
0.38993838;-14.899961
0.3887514;-14.799961
0.38754737;-14.699961
0.3863054;-14.59996
0.3850514;-14.49996
0.3837604;-14.39996
0.38248837;-14.299959
0.3811454;-14.199959
0.3798414;-14.099958
0.3786094;-13.999958
0.37725937;-13.899958
0.37587738;-13.799957
0.3744864;-13.699957
0.37304538;-13.5999565
0.37171838;-13.499956
0.37024438;-13.399956
0.36877435;-13.299955
0.36730638;-13.199955
0.36580637;-13.099955
0.36432135;-12.999954
0.36281738;-12.899954
0.36130536;-12.799953
0.35981837;-12.699953
0.35828337;-12.599953
0.35673934;-12.499952
0.35519236;-12.399952
0.35358235;-12.299952
0.35194334;-12.199951
0.35031235;-12.099951
0.34875834;-11.99995
0.34711635;-11.89995
0.34550735;-11.79995
0.34386134;-11.699949
0.34215733;-11.599949
0.34049135;-11.4999485
0.33876935;-11.399948
0.33708432;-11.299948
0.33535832;-11.199947
0.33367532;-11.099947
0.33180234;-10.999947
0.32998833;-10.899946
0.32817432;-10.799946
0.32629934;-10.699945
0.32441732;-10.599945
0.32253233;-10.499945
0.3206523;-10.399944
0.31873733;-10.299944
0.31674632;-10.199944
0.3148193;-10.099943
0.3128573;-9.999943
0.3108673;-9.899942
0.3088583;-9.799942
0.30689532;-9.699942
0.3049493;-9.599941
0.3029203;-9.499941
0.3008673;-9.3999405
0.2987663;-9.29994
0.2966303;-9.19994
0.2945123;-9.099939
0.2924603;-8.999939
0.2903303;-8.899939
0.2881513;-8.799938
0.28593528;-8.699938
0.2837653;-8.599937
0.28159627;-8.499937
0.27926427;-8.399937
0.27703127;-8.299936
0.27477428;-8.199936
0.27252927;-8.099936
0.27030027;-7.9999356
0.26798525;-7.8999357
0.26565227;-7.799936
0.26331526;-7.699936
0.26094127;-7.599936
0.25858626;-7.499936
0.25622624;-7.399936
0.25377727;-7.2999363
0.25130025;-7.1999364
0.24888624;-7.0999365
0.24648824;-6.9999366
0.24410824;-6.8999367
0.24162124;-6.799937
0.23912424;-6.699937
0.23675923;-6.599937
0.23422323;-6.499937
0.23176323;-6.399937
0.22919522;-6.2999372
0.22663422;-6.1999373
0.22415723;-6.0999374
0.22164123;-5.9999375
0.21902022;-5.8999376
0.21646322;-5.7999377
0.21385221;-5.699938
0.21124922;-5.599938
0.20866221;-5.499938
0.2061602;-5.399938
0.2035642;-5.299938
0.2009702;-5.1999383
0.1982752;-5.0999384
0.19559619;-4.9999385
0.19297719;-4.8999386
0.19030319;-4.7999387
0.18766418;-4.699939
0.18495618;-4.599939
0.18244219;-4.499939
0.17970018;-4.399939
0.17708318;-4.299939
0.17441617;-4.1999393
0.17175117;-4.0999393
0.16901417;-3.9999394
0.16639017;-3.8999395
0.16363716;-3.7999396
0.16090316;-3.6999397
0.15819615;-3.5999398
0.15559515;-3.49994
0.15290016;-3.39994
0.15020315;-3.29994
0.14750715;-3.1999402
0.14487414;-3.0999403
0.14225315;-2.9999404
0.13962413;-2.8999405
0.13705213;-2.7999406
0.13447514;-2.6999407
0.13185313;-2.5999408
0.12934513;-2.4999409
0.12677813;-2.399941
0.12416712;-2.299941
0.12162012;-2.1999412
0.11907512;-2.0999413
0.11654612;-1.9999412
0.113943115;-1.8999412
0.111449115;-1.7999412
0.10897311;-1.6999412
0.10644211;-1.5999411
0.1040531;-1.4999411
0.1015601;-1.3999411
0.0991781;-1.2999411
0.09681109;-1.199941
0.094403096;-1.099941
0.09202309;-0.999941
0.08966709;-0.89994097
0.08729409;-0.79994094
0.08491708;-0.6999409
0.08258408;-0.5999409
0.08035408;-0.4999409
0.07810308;-0.3999409
0.075888075;-0.2999409
0.07371807;-0.19994092
0.07158607;-0.09994092
0.06948507;5.9081613E-5
0.06739607;0.100059085
0.06532306;0.20005909
0.06327506;0.30005908
0.06134606;0.40005907
0.05946806;0.50005907
0.057553057;0.6000591
0.055664055;0.7000591
0.053818054;0.80005914
0.051917054;0.90005916
0.05013805;1.0000591
0.048364047;1.1000592
0.04657205;1.2000592
0.044827044;1.3000592
0.043144044;1.4000592
0.04156104;1.5000592
0.04000504;1.6000593
0.03845704;1.7000593
0.036930036;1.8000593
0.035464037;1.9000593
0.034026034;2.0000594
0.032667033;2.1000593
0.031379033;2.2000592
0.03010503;2.300059
0.028837029;2.400059
0.027594028;2.500059
0.026382027;2.6000588
0.025241025;2.7000587
0.024088023;2.8000586
0.022920024;2.9000585
0.021829022;3.0000584
0.02076702;3.1000583
0.01972302;3.2000582
0.01871802;3.3000581
0.017708018;3.400058
0.016813017;3.500058
0.015938016;3.6000578
0.015102015;3.7000577
0.014269014;3.8000576
0.013472013;3.9000576
0.012746013;4.0000577
0.012037012;4.1000576
0.011357011;4.2000575
0.01065201;4.3000574
0.00999801;4.4000573
0.009396009;4.500057
0.008841009;4.600057
0.008291008;4.700057
0.0077550076;4.800057
0.007253007;4.900057
0.006741007;5.0000567
0.006312006;5.1000566
0.0058900057;5.2000566
0.0055080056;5.3000565
0.005109005;5.4000564
0.004728005;5.5000563
0.0043820045;5.600056
0.004085004;5.700056
0.0037760038;5.800056
0.0034840035;5.900056
0.0032090032;6.000056
0.002928003;6.1000557
0.0026770027;6.2000556
0.0024400025;6.3000555
0.0022410022;6.4000554
0.0020220021;6.5000553
0.0018370019;6.600055
0.0016680016;6.700055
0.0015250015;6.800055
0.0013880014;6.900055
0.0012570013;7.000055
0.0011240011;7.1000547
0.001005001;7.2000546
9.060009E-4;7.3000546
8.0500083E-4;7.4000545
7.2300073E-4;7.5000544
6.480006E-4;7.6000543
5.850006E-4;7.700054
5.1300053E-4;7.800054
4.6000045E-4;7.900054
4.060004E-4;8.000054
3.5600035E-4;8.100055
3.2100032E-4;8.200055
2.750003E-4;8.3000555
2.3800024E-4;8.400056
2.1200022E-4;8.500056
1.8200018E-4;8.600057
1.5400015E-4;8.700057
1.3300014E-4;8.800057
1.1400011E-4;8.900058
1.000001E-4;9.000058
8.100008E-5;9.100059
7.2000075E-5;9.200059
6.3000065E-5;9.300059
5.5000055E-5;9.40006
4.3000044E-5;9.50006
3.4000033E-5;9.60006
2.8000028E-5;9.700061
2.5000025E-5;9.800061
2.1000022E-5;9.900062
1.5000015E-5;10.000062
1.3000013E-5;10.100062
1.000001E-5;10.200063
8.000008E-6;10.300063
5.000005E-6;10.4000635
4.000004E-6;10.500064
4.000004E-6;10.600064
2.000002E-6;10.700065
2.000002E-6;10.800065
2.000002E-6;10.900065
1.000001E-6;11.000066
0.0;11.100066
0.0;11.200067
0.0;11.300067
0.0;11.400067
0.0;11.500068
0.0;11.600068
0.0;11.700068
0.0;11.800069
0.0;11.900069
0.0;12.00007
0.0;12.10007
0.0;12.20007
0.0;12.300071
0.0;12.400071
0.0;12.500072
0.0;12.600072
0.0;12.700072
0.0;12.800073
0.0;12.900073
0.0;13.000073
0.0;13.100074
0.0;13.200074
0.0;13.300075
0.0;13.400075
0.0;13.500075
0.0;13.600076
0.0;13.700076
0.0;13.8000765
0.0;13.900077
0.0;14.000077
0.0;14.100078
0.0;14.200078
0.0;14.300078
0.0;14.400079
0.0;14.500079
0.0;14.60008
0.0;14.70008
0.0;14.80008
0.0;14.900081
0.0;15.000081
0.0;15.100081
0.0;15.200082
0.0;15.300082
0.0;15.400083
0.0;15.500083
0.0;15.600083
0.0;15.700084
0.0;15.800084
0.0;15.9000845
0.0;16.000084
0.0;16.100084
0.0;16.200085
0.0;16.300085
0.0;16.400085
0.0;16.500086
0.0;16.600086
0.0;16.700087
0.0;16.800087
0.0;16.900087
0.0;17.000088
0.0;17.100088
0.0;17.200089
0.0;17.300089
0.0;17.40009
0.0;17.50009
0.0;17.60009
0.0;17.70009
0.0;17.80009
0.0;17.900091
0.0;18.000092
0.0;18.100092
0.0;18.200092
0.0;18.300093
0.0;18.400093
0.0;18.500093
0.0;18.600094
0.0;18.700094
0.0;18.800095
0.0;18.900095
0.0;19.000095
0.0;19.100096
0.0;19.200096
0.0;19.300097
0.0;19.400097
0.0;19.500097
0.0;19.600098
0.0;19.700098
0.0;19.800098
0.0;19.900099
